# PIOMAR
1.803801661753506869e-01
8.956526055324338237e-03
7.963267431437736077e-01
9.356236992037283429e-01
4.529781893689573402e-01
9.725383999670794699e-01
2.043878740871583333e-01
5.806961323134809255e-02
2.081193613440337487e-01
9.694955072560909048e-01
8.396956553546151003e-01
9.656658500217071284e-01
1.498037440417306632e-01
9.512764258669630379e-01
9.067895745612760683e-01
1.449298317143273137e-03
3.139768364055290362e-01
9.876467785919845754e-01
2.163642714693756186e-01
1.803606168693394629e-02
3.109966192415191885e-02
9.143882472300360331e-02
1.661894692735467211e-03
8.310801673969279157e-01
9.646458380581888203e-01
9.962423169449452498e-01
9.378431915469744862e-01
4.717509064211140024e-01
4.241281870796270725e-01
7.411355020538803844e-03
1.371675169895476311e-02
9.692707027792093477e-01
9.250272714960451337e-01
7.291446630553718444e-01
9.981427612717703735e-01
9.972188792742380740e-04
8.679454828617358952e-01
8.065097491910911964e-01
8.204247575836871587e-01
9.629990375959468496e-01
7.890451035839914917e-01
7.887877800576997833e-01
7.217261991033911972e-01
9.730192757455873309e-01
1.343387900100794508e-01
9.842111342733065316e-01
1.260941385012800120e-01
8.096085632944051147e-01
1.430471941829873916e-01
1.340528182793755685e-01
9.305945697491704305e-01
2.394148366063635625e-01
3.032804678075059490e-01
7.101257651377778091e-01
9.274255712080643477e-01
2.247067933426147301e-03
8.951838891699329670e-01
9.536689629979434590e-01
7.471837743498973561e-01
8.137981477812036846e-02
9.573778561372506823e-01
3.886457479946269639e-02
6.731738319100529777e-01
7.810765501764199703e-01
8.893416671747707003e-01
5.323671555886942963e-01
5.992342116692592202e-02
6.770927512028073192e-01
4.565182639708070256e-01
8.440735693748572244e-01
9.345857715584718894e-01
1.505038113964974889e-01
9.826941563122012502e-01
6.754936404787703630e-01
4.463370156074263351e-01
1.212974541054106159e-03
6.384491817593908047e-01
1.784714371747191108e-01
9.896036335975311182e-01
4.171916689930113553e-01
2.586358218656030772e-01
8.748599303113702153e-01
6.373957345973405575e-01
9.992617442865192601e-01
3.793519387043287616e-01
8.737964357382792535e-01
9.140003472137487872e-01
7.103541652724423283e-01
8.500510032397892157e-01
9.382608455939023262e-01
5.973782625651637979e-01
2.166369540040783380e-03
6.142645234607369692e-02
4.291984879315936113e-02
6.535457129131537757e-01
1.007982573764264478e-01
1.954793691864934735e-01
2.686443439954865342e-01
6.498213794928242582e-01
3.960238307663516144e-01
6.346360624887983156e-05
4.976374424778722272e-01
2.724955386867352614e-01
8.117759122040701936e-01
1.568625281576922423e-02
9.858097637107843259e-01
8.619162324695222033e-01
4.291179262233305591e-01
9.436483501869413759e-01
9.194582069069726638e-01
9.744852952634450727e-01
6.547721415306568815e-01
6.147575440704269312e-01
1.802985157930257635e-03
3.616668671820851000e-02
1.198917512559982967e-01
8.895502188442601099e-01
8.574503859732880706e-02
5.594072382689722067e-01
8.169708740086909643e-03
7.224165537750707952e-03
8.184156500922352695e-01
8.462255995151312105e-01
4.660986178937752689e-01
5.819438468688385990e-01
8.511955434296523126e-01
4.512219086885078945e-02
1.870261633367188009e-02
9.872078922467046880e-01
4.044932414023356682e-01
7.952204943517197089e-01
4.614809566947632447e-01
9.248155380371095302e-02
9.837425284561001071e-01
7.912746970349431030e-03
9.531163073949042719e-01
2.906957274099886135e-01
8.776547278088339121e-01
6.633892846333220294e-01
3.807347248277035551e-02
8.804227291409706668e-02
8.389587365458477386e-01
9.843268821055681794e-01
9.753277746273469884e-01
1.260787393965078496e-01
8.934895006967932263e-01
4.271849954010525918e-01
4.872426011779387028e-02
2.554571368127499936e-02
8.995179429367620993e-02
9.137776714531417044e-01
1.352613562551363384e-02
9.055061293666643030e-01
4.332282502919479299e-03
4.589709050855861894e-01
6.158256986038175285e-01
9.894916375749495119e-01
6.806800397874603892e-01
2.643876474107170749e-01
8.144160038887146014e-01
8.780887261476675310e-01
9.090347357866134237e-01
4.881089324846155098e-02
8.992494810005892403e-02
1.137627952464431574e-01
6.266313819019678384e-03
5.018575768340364229e-01
9.833652049325228850e-01
1.916277731246906341e-02
5.313741581516214785e-01
9.075412938410296615e-01
3.839596071476650274e-01
1.972282460070733101e-01
2.094848074150592043e-01
1.039002251527648968e-01
7.267571671190444782e-01
9.776489761313262861e-01
1.168039031016236077e-03
7.566978470871879026e-01
7.495679304716737490e-02
6.128755031061006164e-01
1.566777156748754701e-02
8.660120289409732885e-01
1.734361370409412406e-01
7.216950947928701954e-02
3.439579305924502783e-01
5.684839450764069824e-01
2.077207187251135512e-01
1.356706170190839778e-01
1.700876041260999116e-01
5.805780255216177466e-01
9.417757200624660152e-01
8.657377131845310492e-02
1.624581069976001046e-01
4.321670155850369788e-02
9.990692377074690267e-01
5.314852890061913526e-02
9.277609081232336408e-01
2.650205287469236115e-01
5.681075884336991844e-02
2.233562745094037905e-01
7.910284380152032835e-01
8.693380036887761175e-01
7.439555743533922127e-01
5.861825517551209064e-01
4.534520584179959485e-02
9.741828901954241449e-01
9.669571230013546126e-01
6.417744826650259027e-01
9.599293857913965278e-02
2.066076289081945072e-01
1.728528493128125149e-03
6.724946869819499462e-02
7.970174087160030937e-03
7.634040619618212781e-04
1.910648422259961510e-01
9.905289630328150130e-01
9.702970614916508474e-01
3.974157443568198528e-02
5.980613264082984548e-02
7.246584620890355044e-01
9.500298550008523524e-01
1.024789157917525839e-02
1.008364981889916800e-01
1.566676805392078764e-01
4.023685714774112299e-01
3.181770058755085430e-03
1.252477637147609013e-01
2.524886534170984187e-01
9.388400973988019205e-01
3.968822849104414185e-01
4.118400224728503700e-02
9.955412247439635598e-01
4.339931303609846913e-01
6.542075460442176027e-01
6.801094133042960843e-01
2.699107931889835332e-01
4.842990671955867410e-01
5.062943077467721986e-01
9.915908623799103427e-01
5.622182655331243728e-01
1.227996050268785055e-01
9.734194211304691979e-01
8.602137644998893162e-02
2.159390243333199344e-02
9.367941486651719663e-01
8.446236171723487951e-01
1.001418118362219751e-04
2.766178320071819852e-01
5.624271193330742102e-01
5.753468833880813760e-01
5.088344326005513896e-01
2.447587511824996509e-01
3.137435041213740838e-01
1.457931481712933589e-02
9.292815179982563123e-01
5.710537910968300768e-01
2.929229346010119722e-02
8.493495719946898559e-01
9.806565185490713210e-01
8.942155351592686596e-01
9.604451695381882592e-01
9.816084282302453001e-01
2.711682833233841072e-01
8.806863278201715328e-01
8.057915101293797733e-01
2.671251912770382375e-02
3.908647456655257174e-02
9.968655034441004092e-01
3.534412924252498811e-02
8.033085299840840854e-01
9.622828319411254050e-01
2.935907108268773560e-02
2.987468041033002897e-01
2.125747249094331673e-02
4.849097221011384670e-03
9.651820653874038092e-01
9.555523448314641177e-01
8.601491449727847183e-01
9.888147027108181719e-01
4.240825833686255319e-01
2.444317265502211900e-02
9.618669677941054097e-01
8.218817122266537378e-01
9.477016516754354081e-01
3.541426486391148210e-01
9.612066090463099524e-03
4.959869689169474349e-01
8.961899774931532114e-01
1.393023567140400376e-01
7.924646541916254006e-02
4.103926663134624397e-02
9.334526968459221363e-01
9.180944014903926753e-01
9.999979444349859081e-01
8.882587082114482557e-01
3.442469624210580115e-01
5.883101536296466705e-01
9.612900571533516958e-01
3.320598827558350896e-01
6.593175062692442634e-02
7.645740553672226714e-01
9.670683973505093123e-01
8.654602005462549430e-01
7.825635444071505908e-01
9.571914210731149453e-01
8.357552571178604728e-01
6.490870620033712957e-01
8.497231922564794093e-01
1.497641091373922394e-02
6.115745262468803567e-01
9.536656778952299351e-01
1.491023050986965415e-01
4.085126897081642339e-01
9.850483992259089217e-01
5.976523210647446266e-02
8.065998514886124626e-02
1.132829978396264307e-02
9.495288465063197458e-01
2.415420839421496824e-01
6.691258346198032322e-03
7.191463435920777969e-02
4.556083544563980792e-01
9.001638110388958669e-01
1.825253827093211434e-01
8.902468329674978476e-02
8.492714649909515259e-03
2.300663158420613863e-01
9.912707561010383195e-01
2.743394079089551130e-01
9.909118965451035876e-01
9.710041818592357599e-01
9.822266278812699092e-01
9.901863170855196294e-01
4.595671262043095340e-02
7.611897266428834241e-01
1.677464348849277281e-02
1.512200243393872420e-02
2.795116018498662314e-01
7.964032534597010882e-01
3.237153113099280888e-01
2.047610947671943751e-02
9.694058384592457722e-01
5.456096975658016046e-02
6.571972093675603199e-01
7.889953771872965094e-02
8.001004983390469505e-02
3.671256759607868791e-01
8.843369839183822245e-01
7.217773700872672782e-01
1.013960245321008334e-02
9.464494185221346001e-01
2.161255154769057552e-01
1.318829694919985800e-02
1.305038069256230209e-03
6.786087748224994658e-03
9.750170726083183803e-01
7.523158283887608766e-01
6.816419720731057286e-01
1.389672070939410205e-02
1.940788070212523878e-02
3.400082517025704298e-02
9.989967631121287051e-01
3.450551156467964176e-01
9.494494812832292574e-01
3.922501588909416692e-01
3.007505906554224784e-01
1.846552636055358576e-01
9.712650098417945355e-01
9.869129062646376793e-01
1.194107106527316914e-01
9.252278248641898628e-02
8.733190294692896871e-02
3.895111637985091413e-01
5.429382875419139776e-01
8.732439452449899386e-01
3.803165869938317512e-01
9.787879799500404099e-01
7.994738353054249569e-02
9.722875458734606680e-01
4.284096987486286923e-02
5.270690761112808431e-01
8.889414196964182668e-01
9.870175866018363608e-01
7.780869466848084892e-01
6.001530299591176787e-01
1.528883296379114458e-02
9.882877541959843581e-01
2.766334085978395044e-02
3.871512248532437694e-01
8.677162423863482577e-01
1.588731553626341608e-01
7.564950440344007099e-01
7.090761560155854903e-01
8.421355406479831274e-01
4.628206957757984852e-01
9.727213561668626163e-01
1.600169550402576191e-01
9.480275278705414810e-02
3.432021358223228957e-01
9.444452641238227919e-01
7.765125981128224719e-01
1.202644876181523659e-01
9.936821052779161167e-01
9.767326869852958060e-01
1.447288295275621882e-02
1.108549765124148823e-01
9.607957588119104830e-01
8.037483373247604757e-01
1.696667979405191290e-02
2.199763851548916863e-02
9.616233066197023005e-01
9.415820529057190580e-01
4.959802769841314962e-02
2.441063549993664761e-01
9.907442293231970565e-01
9.344642802984368668e-01
9.425526665459850462e-02
9.003109618091631461e-01
5.504331246943821032e-01
7.741666145346192129e-01
4.631978503456309904e-01
9.743959273111618691e-01
1.699893541597704560e-01
5.418060841938818761e-01
9.148711575184101941e-01
2.696062552253551420e-03
1.496972810919258712e-01
1.982454248454351697e-01
2.630596915418348392e-01
3.562888124247841626e-01
9.089514258264121960e-01
1.791644976317497417e-01
2.054627548378743507e-01
8.954041288041443281e-01
5.525636568233431856e-01
7.369462077709395542e-01
5.822957464629235913e-01
3.255495879684520977e-02
7.867234970292628967e-06
9.155392894332055054e-01
1.800087341982220257e-01
9.231642187683998246e-01
5.388719154469053148e-03
1.496435576754001073e-01
9.235672185087605568e-01
9.458498383516263930e-01
9.989010042489432362e-01
8.275537521019502574e-01
2.953285729903225021e-01
4.201574089358493524e-01
9.984018463357459128e-01
7.682234733070888444e-01
7.163115780201141369e-01
1.598095289539470110e-01
8.489328559046332989e-02
4.211149473737832993e-01
1.186443115640969798e-01
9.735647046798664439e-01
2.967313734776403922e-01
3.292920642149178012e-01
4.853139794968793636e-02
9.192124830274438219e-02
2.543050263015491502e-02
9.492958732118862430e-01
1.936864950954438058e-01
3.312811770873441142e-01
7.882476010586968451e-01
7.392654313776092501e-01
3.197725384747267946e-02
7.462995789872235441e-01
7.829665114288015815e-01
3.604224008440604088e-01
1.544914076452109236e-02
8.844091632178886497e-01
9.987556308141548600e-01
3.098806322756069154e-01
6.453795454003088405e-01
2.489903691326427609e-02
9.288984359564618210e-01
1.470919034525943747e-01
9.991514004695709605e-01
4.680690481750585663e-01
9.619130592341785801e-01
1.436301825592718739e-01
8.561060321452005351e-01
6.907826898889484202e-01
2.362006062355559710e-01
2.657579658939107081e-01
9.995261001009233537e-01
1.255134942637645967e-01
2.105258535237025941e-01
9.063511855579750032e-01
7.138994976081722843e-01
3.866495396520533978e-01
8.705047016762013090e-01
8.619094612738658068e-01
9.387615546501324459e-01
9.995047366806975031e-01
2.320123261719087004e-01
8.595398942452722180e-01
6.009457608357982039e-01
9.039859840457861728e-02
5.014016670082449556e-02
9.997805261791518072e-01
7.679263889383060315e-02
7.825788954993674329e-01
8.808150998403443399e-01
7.660041891322429963e-01
6.577055181375804915e-01
9.995319471563221536e-03
1.038950041199156044e-01
1.397312495221338102e-01
4.986583802431948653e-01
2.078904952139952189e-01
6.326319618250214605e-02
3.268271328266310616e-01
4.237661374561803979e-04
4.479232574874357775e-01
9.434256736393676901e-01
9.013657330025085512e-01
9.726033705353066550e-01
9.283102404829736143e-01
5.754553748831008342e-01
8.957065128308197011e-01
1.610706060562463321e-02
8.478437692736382481e-01
1.759940701709003172e-03
5.610600039756056256e-01
4.087292338165505329e-02
7.268119430456501107e-01
7.952926256037761155e-01
8.841405950511278533e-01
6.311635676331638356e-01
4.910522974476413949e-01
2.467964977868752907e-01
9.811845415503646084e-01
9.953214052066136075e-01
4.167772419877973679e-03
7.024583606134678915e-01
6.721495557969384138e-02
1.600585847954992813e-01
5.168944096516348008e-01
1.631197247324250588e-01
7.499243011800197159e-03
9.089851994845159489e-01
7.043470371647178596e-02
7.587585340048136340e-01
3.302743207085006016e-01
1.641116656877795663e-02
6.402144825054099930e-02
4.679658325241689218e-03
8.909170523712666157e-01
1.618934841438091632e-01
4.214150873242443751e-01
3.502752125989070375e-01
5.421090180623475835e-02
9.940764822869984085e-01
9.012325335565921081e-02
9.090336958024605174e-01
7.410750681973756748e-01
5.766815073525801555e-02
7.227083192776994069e-01
9.259814938736042889e-01
4.733930186749416014e-01
2.204409836312538618e-01
8.147790079033998545e-01
2.768876880200188961e-01
1.869814241053308068e-01
2.854340236556911492e-01
5.490940972781152007e-01
8.222917167161540863e-01
1.199135294167408966e-01
1.724872689636728906e-01
6.298220700447820786e-01
1.303499297318611305e-01
9.401848429922284867e-01
7.973591502795371877e-01
8.545631527315117326e-01
4.041916725088048890e-02
3.367653524574647506e-01
6.503041250782922722e-01
4.653891595538249826e-01
1.047434120104172566e-03
8.766543090910108305e-01
9.176098384916486772e-01
9.367141270557672872e-01
1.340510735533964326e-01
1.729562447818192295e-01
4.187433904669215362e-02
2.270780313137201745e-01
9.788517072997070523e-01
1.172637033061095929e-01
2.685400646540573102e-02
3.279511015770233961e-01
8.399781503919994119e-01
4.441995722798640078e-01
9.769202504424082667e-01
8.135149297269228530e-01
9.460431898809807663e-04
